
RESULT:

 18 17  0  2 11
  5 24 10 19 13
 20 22  8 15 12
  4 21 14  7  6
 23  1  9  3 16

 18 17  2  0 11
  5 24 10 19 13
 20 22  8 15 12
  4 21 14  7  6
 23  1  9  3 16

 18 17  2 19 11
  5 24 10  0 13
 20 22  8 15 12
  4 21 14  7  6
 23  1  9  3 16

 18 17  2 19 11
  5 24  0 10 13
 20 22  8 15 12
  4 21 14  7  6
 23  1  9  3 16

 18 17  2 19 11
  5 24  8 10 13
 20 22  0 15 12
  4 21 14  7  6
 23  1  9  3 16

 18 17  2 19 11
  5 24  8 10 13
 20 22 15  0 12
  4 21 14  7  6
 23  1  9  3 16

 18 17  2 19 11
  5 24  8  0 13
 20 22 15 10 12
  4 21 14  7  6
 23  1  9  3 16

 18 17  2 19 11
  5 24  0  8 13
 20 22 15 10 12
  4 21 14  7  6
 23  1  9  3 16

 18 17  2 19 11
  5 24 15  8 13
 20 22  0 10 12
  4 21 14  7  6
 23  1  9  3 16

 18 17  2 19 11
  5 24 15  8 13
 20  0 22 10 12
  4 21 14  7  6
 23  1  9  3 16

 18 17  2 19 11
  5 24 15  8 13
  0 20 22 10 12
  4 21 14  7  6
 23  1  9  3 16

 18 17  2 19 11
  5 24 15  8 13
  4 20 22 10 12
  0 21 14  7  6
 23  1  9  3 16

 18 17  2 19 11
  5 24 15  8 13
  4 20 22 10 12
 23 21 14  7  6
  0  1  9  3 16

 18 17  2 19 11
  5 24 15  8 13
  4 20 22 10 12
 23 21 14  7  6
  1  0  9  3 16

 18 17  2 19 11
  5 24 15  8 13
  4 20 22 10 12
 23  0 14  7  6
  1 21  9  3 16

 18 17  2 19 11
  5 24 15  8 13
  4 20 22 10 12
 23 14  0  7  6
  1 21  9  3 16

 18 17  2 19 11
  5 24 15  8 13
  4 20  0 10 12
 23 14 22  7  6
  1 21  9  3 16

 18 17  2 19 11
  5 24 15  8 13
  4  0 20 10 12
 23 14 22  7  6
  1 21  9  3 16

 18 17  2 19 11
  5  0 15  8 13
  4 24 20 10 12
 23 14 22  7  6
  1 21  9  3 16

 18 17  2 19 11
  0  5 15  8 13
  4 24 20 10 12
 23 14 22  7  6
  1 21  9  3 16

 18 17  2 19 11
  4  5 15  8 13
  0 24 20 10 12
 23 14 22  7  6
  1 21  9  3 16

 18 17  2 19 11
  4  5 15  8 13
 24  0 20 10 12
 23 14 22  7  6
  1 21  9  3 16

 18 17  2 19 11
  4  5 15  8 13
 24 20  0 10 12
 23 14 22  7  6
  1 21  9  3 16

 18 17  2 19 11
  4  5  0  8 13
 24 20 15 10 12
 23 14 22  7  6
  1 21  9  3 16

 18 17  2 19 11
  4  0  5  8 13
 24 20 15 10 12
 23 14 22  7  6
  1 21  9  3 16

 18  0  2 19 11
  4 17  5  8 13
 24 20 15 10 12
 23 14 22  7  6
  1 21  9  3 16

 18  2  0 19 11
  4 17  5  8 13
 24 20 15 10 12
 23 14 22  7  6
  1 21  9  3 16

 18  2  5 19 11
  4 17  0  8 13
 24 20 15 10 12
 23 14 22  7  6
  1 21  9  3 16

 18  2  5 19 11
  4 17  8  0 13
 24 20 15 10 12
 23 14 22  7  6
  1 21  9  3 16

 18  2  5 19 11
  4 17  8 13  0
 24 20 15 10 12
 23 14 22  7  6
  1 21  9  3 16

 18  2  5 19  0
  4 17  8 13 11
 24 20 15 10 12
 23 14 22  7  6
  1 21  9  3 16

 18  2  5  0 19
  4 17  8 13 11
 24 20 15 10 12
 23 14 22  7  6
  1 21  9  3 16

 18  2  0  5 19
  4 17  8 13 11
 24 20 15 10 12
 23 14 22  7  6
  1 21  9  3 16

 18  2  8  5 19
  4 17  0 13 11
 24 20 15 10 12
 23 14 22  7  6
  1 21  9  3 16

 18  2  8  5 19
  4 17 13  0 11
 24 20 15 10 12
 23 14 22  7  6
  1 21  9  3 16

 18  2  8  5 19
  4 17 13 11  0
 24 20 15 10 12
 23 14 22  7  6
  1 21  9  3 16

 18  2  8  5  0
  4 17 13 11 19
 24 20 15 10 12
 23 14 22  7  6
  1 21  9  3 16

 18  2  8  0  5
  4 17 13 11 19
 24 20 15 10 12
 23 14 22  7  6
  1 21  9  3 16

 18  2  0  8  5
  4 17 13 11 19
 24 20 15 10 12
 23 14 22  7  6
  1 21  9  3 16

 18  2 13  8  5
  4 17  0 11 19
 24 20 15 10 12
 23 14 22  7  6
  1 21  9  3 16

 18  2 13  8  5
  4 17 11  0 19
 24 20 15 10 12
 23 14 22  7  6
  1 21  9  3 16

 18  2 13  8  5
  4 17 11 10 19
 24 20 15  0 12
 23 14 22  7  6
  1 21  9  3 16

 18  2 13  8  5
  4 17 11 10 19
 24 20 15 12  0
 23 14 22  7  6
  1 21  9  3 16

 18  2 13  8  5
  4 17 11 10 19
 24 20 15 12  6
 23 14 22  7  0
  1 21  9  3 16

 18  2 13  8  5
  4 17 11 10 19
 24 20 15 12  6
 23 14 22  0  7
  1 21  9  3 16

 18  2 13  8  5
  4 17 11 10 19
 24 20 15  0  6
 23 14 22 12  7
  1 21  9  3 16

 18  2 13  8  5
  4 17 11  0 19
 24 20 15 10  6
 23 14 22 12  7
  1 21  9  3 16

 18  2 13  8  5
  4 17 11 19  0
 24 20 15 10  6
 23 14 22 12  7
  1 21  9  3 16

 18  2 13  8  5
  4 17 11 19  6
 24 20 15 10  0
 23 14 22 12  7
  1 21  9  3 16

 18  2 13  8  5
  4 17 11 19  6
 24 20 15 10  7
 23 14 22 12  0
  1 21  9  3 16

 18  2 13  8  5
  4 17 11 19  6
 24 20 15 10  7
 23 14 22 12 16
  1 21  9  3  0

 18  2 13  8  5
  4 17 11 19  6
 24 20 15 10  7
 23 14 22 12 16
  1 21  9  0  3

 18  2 13  8  5
  4 17 11 19  6
 24 20 15 10  7
 23 14 22  0 16
  1 21  9 12  3

 18  2 13  8  5
  4 17 11 19  6
 24 20 15 10  7
 23 14 22 16  0
  1 21  9 12  3

 18  2 13  8  5
  4 17 11 19  6
 24 20 15 10  7
 23 14 22 16  3
  1 21  9 12  0

 18  2 13  8  5
  4 17 11 19  6
 24 20 15 10  7
 23 14 22 16  3
  1 21  9  0 12

 18  2 13  8  5
  4 17 11 19  6
 24 20 15 10  7
 23 14 22 16  3
  1 21  0  9 12

 18  2 13  8  5
  4 17 11 19  6
 24 20 15 10  7
 23 14 22 16  3
  1  0 21  9 12

 18  2 13  8  5
  4 17 11 19  6
 24 20 15 10  7
 23  0 22 16  3
  1 14 21  9 12

 18  2 13  8  5
  4 17 11 19  6
 24 20 15 10  7
  0 23 22 16  3
  1 14 21  9 12

 18  2 13  8  5
  4 17 11 19  6
 24 20 15 10  7
  1 23 22 16  3
  0 14 21  9 12

 18  2 13  8  5
  4 17 11 19  6
 24 20 15 10  7
  1 23 22 16  3
 14  0 21  9 12

 18  2 13  8  5
  4 17 11 19  6
 24 20 15 10  7
  1  0 22 16  3
 14 23 21  9 12

 18  2 13  8  5
  4 17 11 19  6
 24  0 15 10  7
  1 20 22 16  3
 14 23 21  9 12

 18  2 13  8  5
  4 17 11 19  6
 24 15  0 10  7
  1 20 22 16  3
 14 23 21  9 12

 18  2 13  8  5
  4 17 11 19  6
 24 15 22 10  7
  1 20  0 16  3
 14 23 21  9 12

 18  2 13  8  5
  4 17 11 19  6
 24 15 22 10  7
  1 20 16  0  3
 14 23 21  9 12

 18  2 13  8  5
  4 17 11 19  6
 24 15 22  0  7
  1 20 16 10  3
 14 23 21  9 12

 18  2 13  8  5
  4 17 11 19  6
 24 15  0 22  7
  1 20 16 10  3
 14 23 21  9 12

 18  2 13  8  5
  4 17 11 19  6
 24 15 16 22  7
  1 20  0 10  3
 14 23 21  9 12

 18  2 13  8  5
  4 17 11 19  6
 24 15 16 22  7
  1  0 20 10  3
 14 23 21  9 12

 18  2 13  8  5
  4 17 11 19  6
 24  0 16 22  7
  1 15 20 10  3
 14 23 21  9 12

 18  2 13  8  5
  4 17 11 19  6
  0 24 16 22  7
  1 15 20 10  3
 14 23 21  9 12

 18  2 13  8  5
  4 17 11 19  6
  1 24 16 22  7
  0 15 20 10  3
 14 23 21  9 12

 18  2 13  8  5
  4 17 11 19  6
  1 24 16 22  7
 15  0 20 10  3
 14 23 21  9 12

 18  2 13  8  5
  4 17 11 19  6
  1  0 16 22  7
 15 24 20 10  3
 14 23 21  9 12

 18  2 13  8  5
  4 17 11 19  6
  1 16  0 22  7
 15 24 20 10  3
 14 23 21  9 12

 18  2 13  8  5
  4 17 11 19  6
  1 16 22  0  7
 15 24 20 10  3
 14 23 21  9 12

 18  2 13  8  5
  4 17 11 19  6
  1 16 22 10  7
 15 24 20  0  3
 14 23 21  9 12

 18  2 13  8  5
  4 17 11 19  6
  1 16 22 10  7
 15 24  0 20  3
 14 23 21  9 12

 18  2 13  8  5
  4 17 11 19  6
  1 16  0 10  7
 15 24 22 20  3
 14 23 21  9 12

 18  2 13  8  5
  4 17  0 19  6
  1 16 11 10  7
 15 24 22 20  3
 14 23 21  9 12

 18  2 13  8  5
  4  0 17 19  6
  1 16 11 10  7
 15 24 22 20  3
 14 23 21  9 12

 18  2 13  8  5
  0  4 17 19  6
  1 16 11 10  7
 15 24 22 20  3
 14 23 21  9 12

 18  2 13  8  5
  1  4 17 19  6
  0 16 11 10  7
 15 24 22 20  3
 14 23 21  9 12

 18  2 13  8  5
  1  4 17 19  6
 16  0 11 10  7
 15 24 22 20  3
 14 23 21  9 12

 18  2 13  8  5
  1  0 17 19  6
 16  4 11 10  7
 15 24 22 20  3
 14 23 21  9 12

 18  2 13  8  5
  1 17  0 19  6
 16  4 11 10  7
 15 24 22 20  3
 14 23 21  9 12

 18  2  0  8  5
  1 17 13 19  6
 16  4 11 10  7
 15 24 22 20  3
 14 23 21  9 12

 18  0  2  8  5
  1 17 13 19  6
 16  4 11 10  7
 15 24 22 20  3
 14 23 21  9 12

  0 18  2  8  5
  1 17 13 19  6
 16  4 11 10  7
 15 24 22 20  3
 14 23 21  9 12

  1 18  2  8  5
  0 17 13 19  6
 16  4 11 10  7
 15 24 22 20  3
 14 23 21  9 12

  1 18  2  8  5
 16 17 13 19  6
  0  4 11 10  7
 15 24 22 20  3
 14 23 21  9 12

  1 18  2  8  5
 16 17 13 19  6
 15  4 11 10  7
  0 24 22 20  3
 14 23 21  9 12

  1 18  2  8  5
 16 17 13 19  6
 15  4 11 10  7
 24  0 22 20  3
 14 23 21  9 12

  1 18  2  8  5
 16 17 13 19  6
 15  4 11 10  7
 24 22  0 20  3
 14 23 21  9 12

  1 18  2  8  5
 16 17 13 19  6
 15  4  0 10  7
 24 22 11 20  3
 14 23 21  9 12

  1 18  2  8  5
 16 17  0 19  6
 15  4 13 10  7
 24 22 11 20  3
 14 23 21  9 12

  1 18  2  8  5
 16  0 17 19  6
 15  4 13 10  7
 24 22 11 20  3
 14 23 21  9 12

  1 18  2  8  5
 16  4 17 19  6
 15  0 13 10  7
 24 22 11 20  3
 14 23 21  9 12

  1 18  2  8  5
 16  4 17 19  6
 15 13  0 10  7
 24 22 11 20  3
 14 23 21  9 12

  1 18  2  8  5
 16  4  0 19  6
 15 13 17 10  7
 24 22 11 20  3
 14 23 21  9 12

  1 18  2  8  5
 16  0  4 19  6
 15 13 17 10  7
 24 22 11 20  3
 14 23 21  9 12

  1  0  2  8  5
 16 18  4 19  6
 15 13 17 10  7
 24 22 11 20  3
 14 23 21  9 12

  1  2  0  8  5
 16 18  4 19  6
 15 13 17 10  7
 24 22 11 20  3
 14 23 21  9 12

  1  2  4  8  5
 16 18  0 19  6
 15 13 17 10  7
 24 22 11 20  3
 14 23 21  9 12

  1  2  4  8  5
 16  0 18 19  6
 15 13 17 10  7
 24 22 11 20  3
 14 23 21  9 12

  1  2  4  8  5
  0 16 18 19  6
 15 13 17 10  7
 24 22 11 20  3
 14 23 21  9 12

  1  2  4  8  5
 15 16 18 19  6
  0 13 17 10  7
 24 22 11 20  3
 14 23 21  9 12

  1  2  4  8  5
 15 16 18 19  6
 13  0 17 10  7
 24 22 11 20  3
 14 23 21  9 12

  1  2  4  8  5
 15 16 18 19  6
 13 17  0 10  7
 24 22 11 20  3
 14 23 21  9 12

  1  2  4  8  5
 15 16 18 19  6
 13 17 11 10  7
 24 22  0 20  3
 14 23 21  9 12

  1  2  4  8  5
 15 16 18 19  6
 13 17 11 10  7
 24  0 22 20  3
 14 23 21  9 12

  1  2  4  8  5
 15 16 18 19  6
 13 17 11 10  7
  0 24 22 20  3
 14 23 21  9 12

  1  2  4  8  5
 15 16 18 19  6
  0 17 11 10  7
 13 24 22 20  3
 14 23 21  9 12

  1  2  4  8  5
  0 16 18 19  6
 15 17 11 10  7
 13 24 22 20  3
 14 23 21  9 12

  1  2  4  8  5
 16  0 18 19  6
 15 17 11 10  7
 13 24 22 20  3
 14 23 21  9 12

  1  2  4  8  5
 16 17 18 19  6
 15  0 11 10  7
 13 24 22 20  3
 14 23 21  9 12

  1  2  4  8  5
 16 17 18 19  6
 15 24 11 10  7
 13  0 22 20  3
 14 23 21  9 12

  1  2  4  8  5
 16 17 18 19  6
 15 24 11 10  7
 13 22  0 20  3
 14 23 21  9 12

  1  2  4  8  5
 16 17 18 19  6
 15 24  0 10  7
 13 22 11 20  3
 14 23 21  9 12

  1  2  4  8  5
 16 17 18 19  6
 15 24 10  0  7
 13 22 11 20  3
 14 23 21  9 12

  1  2  4  8  5
 16 17 18 19  6
 15 24 10 20  7
 13 22 11  0  3
 14 23 21  9 12

  1  2  4  8  5
 16 17 18 19  6
 15 24 10 20  7
 13 22 11  3  0
 14 23 21  9 12

  1  2  4  8  5
 16 17 18 19  6
 15 24 10 20  7
 13 22 11  3 12
 14 23 21  9  0

  1  2  4  8  5
 16 17 18 19  6
 15 24 10 20  7
 13 22 11  3 12
 14 23 21  0  9

  1  2  4  8  5
 16 17 18 19  6
 15 24 10 20  7
 13 22 11  3 12
 14 23  0 21  9

  1  2  4  8  5
 16 17 18 19  6
 15 24 10 20  7
 13 22  0  3 12
 14 23 11 21  9

  1  2  4  8  5
 16 17 18 19  6
 15 24  0 20  7
 13 22 10  3 12
 14 23 11 21  9

  1  2  4  8  5
 16 17 18 19  6
 15 24 20  0  7
 13 22 10  3 12
 14 23 11 21  9

  1  2  4  8  5
 16 17 18 19  6
 15 24 20  3  7
 13 22 10  0 12
 14 23 11 21  9

  1  2  4  8  5
 16 17 18 19  6
 15 24 20  3  7
 13 22 10 12  0
 14 23 11 21  9

  1  2  4  8  5
 16 17 18 19  6
 15 24 20  3  0
 13 22 10 12  7
 14 23 11 21  9

  1  2  4  8  5
 16 17 18 19  0
 15 24 20  3  6
 13 22 10 12  7
 14 23 11 21  9

  1  2  4  8  5
 16 17 18  0 19
 15 24 20  3  6
 13 22 10 12  7
 14 23 11 21  9

  1  2  4  8  5
 16 17 18  3 19
 15 24 20  0  6
 13 22 10 12  7
 14 23 11 21  9

  1  2  4  8  5
 16 17 18  3 19
 15 24  0 20  6
 13 22 10 12  7
 14 23 11 21  9

  1  2  4  8  5
 16 17  0  3 19
 15 24 18 20  6
 13 22 10 12  7
 14 23 11 21  9

  1  2  4  8  5
 16 17  3  0 19
 15 24 18 20  6
 13 22 10 12  7
 14 23 11 21  9

  1  2  4  0  5
 16 17  3  8 19
 15 24 18 20  6
 13 22 10 12  7
 14 23 11 21  9

  1  2  0  4  5
 16 17  3  8 19
 15 24 18 20  6
 13 22 10 12  7
 14 23 11 21  9

  1  2  3  4  5
 16 17  0  8 19
 15 24 18 20  6
 13 22 10 12  7
 14 23 11 21  9

  1  2  3  4  5
 16 17 18  8 19
 15 24  0 20  6
 13 22 10 12  7
 14 23 11 21  9

  1  2  3  4  5
 16 17 18  8 19
 15 24 20  0  6
 13 22 10 12  7
 14 23 11 21  9

  1  2  3  4  5
 16 17 18  0 19
 15 24 20  8  6
 13 22 10 12  7
 14 23 11 21  9

  1  2  3  4  5
 16 17 18 19  0
 15 24 20  8  6
 13 22 10 12  7
 14 23 11 21  9

  1  2  3  4  5
 16 17 18 19  6
 15 24 20  8  0
 13 22 10 12  7
 14 23 11 21  9

  1  2  3  4  5
 16 17 18 19  6
 15 24 20  8  7
 13 22 10 12  0
 14 23 11 21  9

  1  2  3  4  5
 16 17 18 19  6
 15 24 20  8  7
 13 22 10 12  9
 14 23 11 21  0

  1  2  3  4  5
 16 17 18 19  6
 15 24 20  8  7
 13 22 10 12  9
 14 23 11  0 21

  1  2  3  4  5
 16 17 18 19  6
 15 24 20  8  7
 13 22 10  0  9
 14 23 11 12 21

  1  2  3  4  5
 16 17 18 19  6
 15 24 20  8  7
 13 22  0 10  9
 14 23 11 12 21

  1  2  3  4  5
 16 17 18 19  6
 15 24 20  8  7
 13 22 11 10  9
 14 23  0 12 21

  1  2  3  4  5
 16 17 18 19  6
 15 24 20  8  7
 13 22 11 10  9
 14 23 12  0 21

  1  2  3  4  5
 16 17 18 19  6
 15 24 20  8  7
 13 22 11  0  9
 14 23 12 10 21

  1  2  3  4  5
 16 17 18 19  6
 15 24 20  0  7
 13 22 11  8  9
 14 23 12 10 21

  1  2  3  4  5
 16 17 18 19  6
 15 24  0 20  7
 13 22 11  8  9
 14 23 12 10 21

  1  2  3  4  5
 16 17 18 19  6
 15  0 24 20  7
 13 22 11  8  9
 14 23 12 10 21

  1  2  3  4  5
 16 17 18 19  6
 15 22 24 20  7
 13  0 11  8  9
 14 23 12 10 21

  1  2  3  4  5
 16 17 18 19  6
 15 22 24 20  7
 13 23 11  8  9
 14  0 12 10 21

  1  2  3  4  5
 16 17 18 19  6
 15 22 24 20  7
 13 23 11  8  9
 14 12  0 10 21

  1  2  3  4  5
 16 17 18 19  6
 15 22 24 20  7
 13 23 11  8  9
 14 12 10  0 21

  1  2  3  4  5
 16 17 18 19  6
 15 22 24 20  7
 13 23 11  8  9
 14 12 10 21  0

  1  2  3  4  5
 16 17 18 19  6
 15 22 24 20  7
 13 23 11  8  0
 14 12 10 21  9

  1  2  3  4  5
 16 17 18 19  6
 15 22 24 20  7
 13 23 11  0  8
 14 12 10 21  9

  1  2  3  4  5
 16 17 18 19  6
 15 22 24 20  7
 13 23 11 21  8
 14 12 10  0  9

  1  2  3  4  5
 16 17 18 19  6
 15 22 24 20  7
 13 23 11 21  8
 14 12  0 10  9

  1  2  3  4  5
 16 17 18 19  6
 15 22 24 20  7
 13 23 11 21  8
 14  0 12 10  9

  1  2  3  4  5
 16 17 18 19  6
 15 22 24 20  7
 13 23 11 21  8
  0 14 12 10  9

  1  2  3  4  5
 16 17 18 19  6
 15 22 24 20  7
  0 23 11 21  8
 13 14 12 10  9

  1  2  3  4  5
 16 17 18 19  6
 15 22 24 20  7
 23  0 11 21  8
 13 14 12 10  9

  1  2  3  4  5
 16 17 18 19  6
 15 22 24 20  7
 23 14 11 21  8
 13  0 12 10  9

  1  2  3  4  5
 16 17 18 19  6
 15 22 24 20  7
 23 14 11 21  8
 13 12  0 10  9

  1  2  3  4  5
 16 17 18 19  6
 15 22 24 20  7
 23 14  0 21  8
 13 12 11 10  9

  1  2  3  4  5
 16 17 18 19  6
 15 22 24 20  7
 23  0 14 21  8
 13 12 11 10  9

  1  2  3  4  5
 16 17 18 19  6
 15  0 24 20  7
 23 22 14 21  8
 13 12 11 10  9

  1  2  3  4  5
 16 17 18 19  6
 15 24  0 20  7
 23 22 14 21  8
 13 12 11 10  9

  1  2  3  4  5
 16 17 18 19  6
 15 24 14 20  7
 23 22  0 21  8
 13 12 11 10  9

  1  2  3  4  5
 16 17 18 19  6
 15 24 14 20  7
 23  0 22 21  8
 13 12 11 10  9

  1  2  3  4  5
 16 17 18 19  6
 15 24 14 20  7
  0 23 22 21  8
 13 12 11 10  9

  1  2  3  4  5
 16 17 18 19  6
  0 24 14 20  7
 15 23 22 21  8
 13 12 11 10  9

  1  2  3  4  5
 16 17 18 19  6
 24  0 14 20  7
 15 23 22 21  8
 13 12 11 10  9

  1  2  3  4  5
 16 17 18 19  6
 24 14  0 20  7
 15 23 22 21  8
 13 12 11 10  9

  1  2  3  4  5
 16 17 18 19  6
 24 14 22 20  7
 15 23  0 21  8
 13 12 11 10  9

  1  2  3  4  5
 16 17 18 19  6
 24 14 22 20  7
 15  0 23 21  8
 13 12 11 10  9

  1  2  3  4  5
 16 17 18 19  6
 24  0 22 20  7
 15 14 23 21  8
 13 12 11 10  9

  1  2  3  4  5
 16 17 18 19  6
  0 24 22 20  7
 15 14 23 21  8
 13 12 11 10  9

  1  2  3  4  5
 16 17 18 19  6
 15 24 22 20  7
  0 14 23 21  8
 13 12 11 10  9

  1  2  3  4  5
 16 17 18 19  6
 15 24 22 20  7
 14  0 23 21  8
 13 12 11 10  9

  1  2  3  4  5
 16 17 18 19  6
 15 24 22 20  7
 14 23  0 21  8
 13 12 11 10  9

  1  2  3  4  5
 16 17 18 19  6
 15 24  0 20  7
 14 23 22 21  8
 13 12 11 10  9


PUZZLE SOLVED:

Total opened nodes: 276633

Max nodes at the same time: 276234

Steps count: 190

Time to solve: 378.2802679538727
